Tag,Name,From Trophies,To Trophies,Trophies Difference
#PUU09RUPQ,🥀Scalec🥀,90819,94083,3264
#2QYPCPU09,アリサ | Āllýsý,93256,93457,201
#2J2C0PP9R,Wakz,93046,93046,0
#P9J2RGLYR,pisin,93007,93007,0
#8P2LJPJ8,Лунтик,91828,92844,1016
#PYYCU82UP,掌握|Ŧãpøķ♡,92341,92451,110
#Q0RQQ98RC,Sk|Globally,91298,91404,106
#92YQ889YY,SkaZo4niK,90582,90833,251
#22Y0VYJ9R,Barsik😼🥷,90714,90714,0
#P0GYJP8C0,AHDRUL1K,90320,90320,0
#JVCJYGLG9,Da'Vinci,89141,90003,862
#28P0VGC2P,𝘝𝚒тค𝑚𝙞𝑛ꝁค,89234,89557,323
#8UPQL00J0,Kravchuk UA🇺🇦,87101,89510,2409
#UGY2RLJL,YT FLAFFY_BS,89343,89353,10
#GLLLP0P,qeqe,89231,89187,-44
#2PQ02VUUV,Никита,89058,89075,17
#PVQLPRCQJ,Vxc_despair,87090,89006,1916
#JGR0PLUU,Rut4i,87893,88833,940
#8V9UPGG99,Monster,88359,88539,180
#8CYVQJLVG,как тус,84597,87061,2464
#2VVPVV882,It's werch🪐,86485,86485,0
#PC88GGY9Y,Tess🐣,86147,86147,0
#J8QVY8G2,NerTy,85219,85423,204
#8JRQ2UR2V,Punya,84860,85371,511
#L0QC8CLC,бог,85104,85104,0
#2PLQ800YL,flitMcqueen🩸,84946,85016,70
#2RGCRV9P,♥️𝖒𝖔𝖗𝖘𝖎𝖐♥,80056,80419,363
#L2C809JPU,FANTIK🌓❤️‍🩹,0,80395,80395
